Code,Title,Description
aCamelCaseCode,A short title for the code,A longer description for the code.
